#Table: J/A+A/674/A18/table9.dat (http://cdsarc.cds.unistra.fr)
-------------------
            GaiaDR3
-------------------
 880252005422941440
6029365460652135680
6555925496084361344
5290302155549350272
2602564540005082112
 537040928284437632
6031510264139439232
4056562388963869312
4039157570785755264
6083702844177960704
4646832667819613312
6774155361376429440
5911656865276078080
6331330210088440832
5514849058739106048
5592830001098538880
4509440100004596096
1745948117575685760
1925810872506289152
5239771349915805952
5541808950719901056
4929394649214080896
5979202574682167040
5352984420098880768
4783112632957044352
6536023029951556480
4069412484248426368
6145041295025956608
4482127951989336320
3062985235999231104
5331771890155171840
4461280391188698368
1745948328028718080
 378807525573579520
2686847225879088128
4810416805210359296
2202441229193908864
1772703019340815744
2083364085544798336
5973586376687683072
4130380472726484608
4513122089617513216
3450507323232725376
5904677818301794944
6041996993724872576
5957101016578283648
5900430164379420800
3232014537223884672
3351035296541818624
  87159184382553088
 568221222620689024
 326383086038685952
6812645960632807296
5292689405748796160
4641743509531242368
2952305479271518848
5644191968807024384
 668027908865948032
5942699132238839552
  72425797289881344
5318975670755448704
5621444924345433984
5986436918854464640
1998906199365108352
5734183009797858176
 417906781834850816
1919332683135274112
1988028318518660096
3047725633818922752
4202826611030690176
3154604245706412800
3325594070648057344
5259472605426820864
5337626858335118080
5861856101075703552
6025724977547669120
4086063080350131968
4088429190686315136
4099638849167163648
4123275364279164672
5253954057825909504
5333097209687948032
5343906650256155392
5355902184686008832
5625331663591871104
5949793765379361152
5956690971798673664
5970892843763951104
5978313726930066048
5979051907235436160
6026530163731660928
6029981290235791232
6724250895118108928
4048728299707790976
4101192497784043520
4107356012051364480
5956833835251660800
5968150764841574912
5980267829660152960
6061867986376466688
 252947980027906048
 367375357718907776
 392996452549916416
 406587893736299136
 419307353484601472
 425088345104641152
 429960487297230720
 489682076255235712
 556277296528022272
 557984735005494272
 575290322175793152
 599245042709424128
 599246760696342016
 599962302247204608
 635421827120259968
 643894972962414208
 655315565881844992
 688968863731531136
 862481281882217600
 983411656675393152
1038716816673672448
1056196096618040960
1104265026998098688
1109179569096995072
1109853294844466432
1110841584001337984
1117927524125283968
1118713159541199488
1127314329769587584
1150071025008309504
1169764721370830848
1190408842456412672
1200689482334811904
1208400597898204032
1210467748477304192
1259760091700663168
1278333282637370624
1323854438415974016
1328057733938742528
1328058249329369856
1360404266511448832
1360404507024038400
1369065772434553088
1399825847171888768
1408588679966451072
1408588679966482816
1409987018240009088
1412505312182793856
1418424636111747072
1418533315963870208
1418606261688520832
1422687094804699008
1441100517245418112
1452629274619202816
1458835468004462464
1498637101733106048
1500383057479110144
1514504154033313152
1538449863723718144
1567307272246512768
1577150787531788544
1612718992257354752
1621760310732690944
1621949117495595904
1640353842631872896
1659915971261079680
1677765241164088704
1680838891558406656
1705461458031688320
1749735217868108032
1752023232849322368
1803540747088856192
1804556111719958784
1806166587030137856
1807885776532585216
1827595003520847232
1835807702531466624
1862243157511323264
1862536417864551168
1881703242000574080
1890367187467620992
1941584638117576960
1942409100038499712
1964108821010002560
1972991431851767680
1978656837308061184
2019738371319243264
2020237274706270592
2022783365698012544
2023808007459510400
2025007127964175616
2025222048141591808
2026009779478969088
2028929807487287936
2032418076833680128
2032504697783384320
2033505425144900864
2034708015990637696
2039381352691885184
2044682579305370240
2044723089438435584
2044911449515947392
2049837192877660800
2052937437704674048
2071023270110312832
2071981288334312832
2072315677336877312
2072413327686621056
2074152377129577728
2094641673225177984
2101230011322373248
2101276126390540800
2101804854044393856
2110919221316875776
2114600454964173184
2126922303826024704
2167293312788935680
2178487921694835456
2187969182263233408
2203122033038742272
2216770648836690944
2226474732300065280
2255956865289162752
2259575358055219456
2260679886205134336
2266168923126876800
2266648550716589696
2267651064803598976
2267889796265789952
2268168689965495680
2289740837521804800
2290140681796106624
2305061329462551296
2333731885430040704
2671805906806663296
2881854477874152192
2901428224391313536
2904417830868307712
2920614152539554432
2926320480448860672
2928580011211015936
2929980892098334720
2936027656296340352
2936148121539757824
2973606970867094400
2984898057634135808
3009946070683844224
3010498918873319808
3017954741580492544
3036509378259756416
3077583593616591872
3198014334863194368
3206068021312873728
3212667977298336640
3250537700378851328
3284871222266763008
3313069950306875392
3472295451804328064
3564485168171793408
3891335688386918528
3919376052392200704
3993044495389357696
4035978710778595840
4036041589133142400
4040860611110415616
4042436589239213824
4053514134607038208
4056075167887912064
4058139161489624832
4072861622173577984
4107360826776915712
4111058209476692864
4112791589511688832
4113333373898447872
4113941060209771392
4115459485782158848
4119064509580048256
4124780629960983424
4141246709923043200
4148188648422090240
4149912407782882176
4195760152829542272
4207190641358333440
4249851726867702272
4297755008952217344
4322040300280051072
4323428364957793024
4330194450260993280
4330462387500979968
4337996412972725120
4340625860669952128
4358655446182264960
4387026797549481984
4394835082456047616
4406767875991754752
4452456569858542976
4454968988283982208
4488048517167871488
4498529749195568512
4513791589073886336
4514351824608101120
4517755328507302656
4519124323538287104
4533713846414924160
4542058521180519296
4564221922523628800
4586352656345478272
4588115860683301248
4588147437284478976
4588450077858623104
4601899269724002432
4602476101011709440
4620401851397225216
4630874940170101632
4638873852902088064
4642002375798970880
4651014449935122688
4651787269124639616
4651894643329987584
4651935673137467520
4652140594583540992
4652195020425312512
4655050383395641984
4655222487026832000
4655242694841712640
4655261382349493632
4655260802467049600
4655426313280236928
4655489019790748800
4656977380588676352
4657046748722693376
4657129319403771136
4657145502823318016
4657158314850871808
4657179415892353920
4657222125053709184
4657397668914401536
4657637839254945664
4657679861197975936
4657851698535486720
4657869733212598656
4657926632966761984
4657959721336936960
4658003495722624640
4658048335131836032
4658075620936000512
4658106883991599104
4658120731026877184
4658190726089633152
4658201510899417344
4658224570444934272
4658246659553886592
4658399495853879552
4658425707969418624
4659358304292419584
4661304470082382848
4661330037953560320
4661355670294988800
4661497399884596992
4661589655825974400
4661651507582958464
4661659990160009216
4661735414076649856
4662216828376369536
4662506751554402816
4663663304623425408
4685847768537096064
4685845779945636992
4685868766665212160
4685877283512842240
4685908211622296576
4685914842992929152
4685917965521747328
4685948481256155392
4685991534005996800
4688931662410889856
4688951483710898304
4689002855758160896
4690522346468559744
4701915107993780352
4701911843818639360
4721643469037190144
4733794623008121728
4744772142804268800
4752048161001310080
4754974103178435968
4755899342215513728
4764738934663453184
4773263894990720000
4806963273547473024
4808496508152144384
4810259059651451008
4826240598600759168
4839701094825032704
4842829514642870784
4851143196938731136
4852905782798001920
4873141229155383040
4878197986211036032
4894111492878570752
4928220400858440704
4989634657916646784
5039240121434754048
5116113679481496832
5129634820645802496
5193192605686731904
5209975276295289344
5231312978767451392
5241532320872710272
5252504214267010944
5253047265651314432
5254663105391325312
5255288280785647488
5256814506022962176
5268617763322394624
5281647899528664320
5302337242330593408
5334654912775639808
5335069394290673152
5335959071018710016
5336888330091926784
5337275220770505600
5339943838549015808
5350262411567758336
5350358721936314368
5350358962438908416
5350359645328025088
5350382258348716928
5360387504908192256
5367833500728646912
5389199073235539712
5437385788803891712
5451218985107251200
5486982043910161792
5495397808985743872
5496255702934506368
5502576829642742656
5502887957073699072
5508377195859412864
5513948940973021184
5514146681265758208
5553355540786137856
5562988740118384512
5566431207944956288
5569299524543619328
5571533079335954816
5571530536714800000
5577621899853228800
5578735155378791552
5609505366234584192
5612633201949464960
5624450993434087808
5630152476617620736
5632924654670941184
5642934780334129408
5646574163825816320
5663097349678068480
5702929048184432256
5706828260011954176
5707867294202435072
5754285655767308032
5766180344356146816
5777400723081130624
5777746244605161088
5792674966815108480
5798227878507216000
5799434489445515904
5800092753318774400
5800517955080027776
5802311258521974272
5804454550280396160
5808488727170518272
5811072613841715712
5813088053033520640
5814071085132236800
5818508988949353472
5819555105536186624
5821370708486656256
5821578378737575552
5822795228867846656
5824520809303779584
5825000986627241600
5825878671817082240
5826713750872838784
5826972651496018176
5827594768969379712
5827771000026828160
5835070623391095680
5835243693436126976
5847984146904799104
5849192475817895168
5851191521104633216
5851451972215771648
5852088795631204608
5853386356826157952
5853388280975158144
5853862170466237568
5856923794958409856
5856936301887081856
5857982281041149184
5858536503619652864
5858828252219323776
5858853158679267712
5858888141253010176
5859543931136130816
5860812458337709952
5861111319345217664
5861240683810265088
5862018828725044352
5865978651130671488
5866281291703305600
5867106062860823936
5867199349561650816
5868768764958904064
5868895311870761216
5868934035307160832
5869503341888421120
5869672357373385472
5869752484268737920
5870164251369523840
5871296507869916672
5872619873161219328
5872704432468743168
5874264742553035520
5874740109560165760
5877302624490790016
5877499815002085760
5907218755310169472
5908391247021271680
5910178400092589696
5910787838771567104
5915270169720479232
5923198198323251584
5923416382682714624
5924483080759497472
5925168007760114944
5927517732844856448
5928633565371647616
5929161846296949376
5933254228634582912
5933830819438515200
5952059553941757568
5952569761734374400
5953246785990846848
5955786382967739520
5959935110874210048
5961111180395192960
5964444865202919296
5964557221552227328
5968215262391912192
5973806794400496512
5976538187454000896
5980038517178611584
5980042120603254528
5980557280422057344
5987622913922787456
6001789227875698048
6028376346875631104
6028929504175890304
6029006779285277056
6029622368298524032
6029830725801403136
6030010148041319296
6030047260825488256
6033270719747715968
6033608372843158528
6033657885235900288
6056718183123337856
6056723371472926464
6057318207255285248
6058542204193510784
6059872647651180032
6060329082366373760
6062039544516156672
6062240926957961856
6062507489810584960
6063029895249163648
6073253223088057856
6073426911553780736
6075091022395469184
6076764307310940032
6086529241859920000
6134675893969231872
6145173549956955776
6148133641414060288
6215605206815944320
6231542146818957824
6255797442047161984
6298467353724703616
6338147083396673920
6342855948103288064
6350201166811952768
6351625927723329408
6357102182825249024
6357606274546335744
6368127020276457984
6375703514385886464
6379190924749760256
6384316229483287168
6388753029483324416
6404677810438775552
6405635691226974208
6439528480749638912
6447139128439208064
6454909342754262528
6467534759897100672
6474390455413955840
6481658742670940288
6563092112875559808
6616109184880692864
6728009339400596096
6808906384147979904
6816128702368957952
6850084679454859264
6862599286442058368
6884726270752767872
3671261525483539584
1514332797722980096
6907835050234323712
4421479272851204224
4661507982702013312
2456881998103809280
1305269977485608192
6242394047412731520
6026521882944479616
6786892580812292480
 486375909215005952
2922546475511254400
4685834509955775616
3637318094001348352
5923130200387321984
2415739230769953024
4112060895369360896
1586503645754152448
4658358156862883968
3677552145039027712
5394549945356827520
4651367805424353536
4404579710413404288
6527580910954089984
4655181702096656384
 507576215680349184
4688860434677210368
3242624717055647488
5340268057056908672
4655420953173657344
6030040732473048192
5042963338389557120
2024650370769239936
5936871827985046528
6504960585220831616
2025255686292102912
6016749767197022848
1206223491860584448
5343980077013361792
2025339764600234624
4649409304601252096
1824256611311625216
6749244035662625792
4657854344235802368
 315973704516216576
4659493922196584320
4657762565025039744
5614174785972939136
6106817155536634496
4653671423985398144
4658913036471286272
1072202786894509440
1377455110577773824
4661522967802498432
1052468610466252928
6848318034849769472
4657845822992154240
4685951573586630272
 379797571369822720
 442094628891149824
4655050486474974208
4657713263110530176
 413481384971650688
3793444347099320448
5257622715780835200
4662103956658874240
4655493864538324352
4659471450921218176
4673632473472568448
4134121015581915136
4652126129165748992
4688918498371557376
4656857873144642688
4657161995464100992
2930020749392744960
5286322919889619456
4107575192870791168
2901326485206758144
4689019550391527040
6074750483043368704
2866336451797329664
4655304194604520832
4661396317841728640
4657038708580489984
4661452079482736256
4655130750836537088
4688984297271421568
4774353167416129024
4685841205809692288
4651911930555884416
5871292384699887360
2024853230685991936
 271665825465872256
5467021372377797376
4685871584133244288
 480506716144926336
 534644199094803456
2860101808548940800
 514616216840428160
4657857913562436736
4576504124535760000
4685913193784040832
4661620476448263552
4760473065769630208
4655273854958960256
5852243586310144256
6532359040595709440
 875569662141710592
4687090633235462272
4657051082285659008
4372323990624844800
2957941193620238080
4655458057428880128
 995268098578603264
4688860911430778496
2023374009583828096
4656291384108116736
4517071604058738304
4437038187018994944
4661458337177645056
4691746171626702976
6019439241391008896
2344029395939971456
4651567611572833664
4655500629116827648
4656955386110838144
5614744161185018112
4657986006470726528
4658416881810568192
2278769085862929536
4150445052435769216
4652104787443833344
5310474762247400704
4657027030398565632
4755865291712507264
4661119824989049472
6776638982048608896
5454579676755479936
 523706566656507136
2397374912685465472
3031579649157620352
4658444713235288704
4650945936531924352
4657026034040066048
5936998821666640896
4652076303284105728
5975466296737869312
4651959720621230720
4687415264070961792
5724759988996668416
4756236922362876416
4657969479498684288
1297664788701007744
5710645592594769280
4658385300938919168
4107364331427797376
4658349571156010496
5931146774065421824
 279252868010888960
4653075832286958080
4657936086117959040
4658454643176076416
4661285984467614080
6033245121714499584
6263525359529081856
4627141892034396544
5938805731540747264
4658227761721752192
4690886864638749824
3467609642484808064
4657862453136160384
1814341181089983744
4688840604828895232
4656952362417489536
5973834213473891072
4685678718617198976
1190337885300149632
5246357493290558336
6061380696529252992
4688855899196684544
3434462454989912704
4651569673156783360
4655187474524368384
4652081388504899712
4661811761401692928
3972049561375306112
4658866994384767488
4651735420311130368
5473900157639528576
4651911209001010304
4659335072853653120
4652088299088396288
4685836227920063616
4685906386315689984
4657266032550441088
4652213020689926272
4657381584270891904
5973563596170300160
4658230514682966272
4658676881970800512
4685067218307760256
4655135870437594880
4657689344458839680
4685833028204748416
5951934175221949312
4693463638853147776
4658462408504418432
4657183607780647168
6097822768169124480
4652784148169720320
5952451186231399424
2931020927018861440
4784239769815049856
4658251233558123776
4651858359478946304
4657094302560259968
4756401303632207744
4659585078575492352
5933902871794697984
1829073296884330496
4660651536131626368
 812150037609268736
4658153411458211072
4662020599912855168
6033536561003003904
4657252327285121152
4101759227311720832
4661750120063835392
4687248516244332416
4658028097100362496
5283949486637112320
2899868253614092928
2031693876615936640
4685670339098385792
4651880903706488704
4657651548776463360
4688860602192453632
4652166806765696768
4663906773433852800
4661893984286435840
4657536959015035008
4685926967757757312
5825506143520653952
4685955692490265088
1402488653879667584
4657180648684581248
3361848748586392064
4135184655649235072
4661443214667459328
6502556090730237952
4662281390335637632
6390505651017350528
2486866466171920896
4655094844918564736
2040128436485014528
5098698343010832768
5923317392246630656
5978334995628796288
6886842895062050176
4657496418799418240
4657584787849062400
4155367531647090688
4655497541041951744
6182251860885253376
4655524169811779712
3070655227254532224
4661472596452973312
 814696373396133248
3856093828159445504
3915860909424982016
 437713689232227584
4661370543734593536
-------------------

